# CPU-GPU Transfers
Data_Size_B,Sync_BW_GBs,Async_BW_GBs
1048576,3.16607,6.34418
2097152,4.65542,6.36943
4194304,4.75679,5.50917
8388608,4.8158,5.18804
16777216,4.84677,5.0113
33554432,4.83531,4.92477
67108864,4.81993,4.85391
134217728,4.8426,4.86348
268435456,4.84576,4.85639
536870912,4.84314,4.86198

# Device Memory Transfers
Data_Size_B,Device_BW_GBs
1048576,21.7323
2097152,700.171
4194304,587.24
8388608,646.312
16777216,685.523
33554432,707.35
67108864,719.978
134217728,725.457
268435456,759.893
536870912,761.327
